# 数值方法 Homework2

(1) 特征值和特征向量用以下代码计算并排序

```matlab
[V, D] = eig(A);
d = diag(D);
[dd, I] = sort(d, 'descend', 'ComparisonMethod', 'abs')
VV = V(:, I);
```

特征值为$\{200.0051, 180.0112,2.9946,0.9947,-0.0036\}$
对应的特征向量为$\left\{\left[\begin{matrix}
    -1.0000  \\  0.0051  \\ -0.0000  \\  0.0000  \\ -0.0000 
    \end{matrix}\right]\left[\begin{matrix}
   0.0000  \\  0.0000  \\ -0.0056  \\  1.0000  \\ -0.0056
   \end{matrix}\right]\left[\begin{matrix}
    0.0036  \\  0.7072  \\ -0.7070  \\ -0.0040  \\  0.0013
    \end{matrix}\right]\left[\begin{matrix}
    -0.0036  \\ -0.7070  \\ -0.7072  \\ -0.0039  \\  0.0040
    \end{matrix}\right]\left[\begin{matrix}
    0.0000  \\  0.0019  \\  0.0037  \\  0.0056  \\  1.0000
\end{matrix}\right]\right\}$

特征向量矩阵的逆用下列代码计算
```matlab
WW = inv(VV);
```

$\def \b\{\mathbf}$

得到$ \b{W} =  \left[\begin{matrix}
    -1.0000 &   0.0051 &  -0.0000 &  0.0000 &  -0.0000\\
    0.0000  &  0.0000  & -0.0056  & 1.0000  & -0.0056\\
    0.0036  &  0.7072  & -0.7070  &-0.0040  &  0.0013\\
   -0.0036  & -0.7070  & -0.7072  &-0.0039  &  0.0040\\
    0.0000  &  0.0019  &  0.0037  & 0.0056  &  1.0000\\
   \end{matrix}\right]$

(2) $\b{A}^3$和$\mathrm{e}^\b{A}$用以下代码计算

```matlab
DD3 = diag(dd .^ 3);
AA3 = VV * DD3 * WW;
eDD = diag(exp(dd));
eAA = VV * eDD * WW;
```

得到

$\b{A}^3 = \left[
    \begin{matrix}
    8.0004 & -0.0404 & 0.0002 & -0.0000 &  0.0000\\
   -0.0404 &  0.0002 &-0.0000 &  0.0002 & -0.0000\\
    0.0002 & -0.0000 & 0.0002 & -0.0328 &  0.0002\\
   -0.0000 &  0.0002 &-0.0328 &  5.8327 & -0.0324\\
    0.0000 & -0.0000 & 0.0002 & -0.0324 &  0.0002\\
    \end{matrix}
    \right] * 10^6$
    $\mathrm{e}^\b{A} = \left[
    \begin{matrix}
    7.2624 & -0.0367 & 0.0002 & -0.0000 &  0.0000\\
   -0.0367 &  0.0002 &-0.0000 &  0.0000 & -0.0000\\
    0.0002 & -0.0000 & 0.0000 & -0.0000 &  0.0000\\
   -0.0000 &  0.0000 &-0.0000 &  0.0000 & -0.0000\\
    0.0000 & -0.0000 & 0.0000 & -0.0000 &  0.0000\\
    \end{matrix}
    \right] * 10^{86}$

(3) rank-1分解用以下代码计算

```matlab
r1mats = cell(5, 1);
for i = 1:5
    r1mats{i} = dd(i) * VV(:, i) * WW(i, :);
```

得到五个rank-1矩阵分别为

$
\begin{aligned}
\left[
    \begin{matrix}
        199.9999 &  -1.0101 &  0.0051&  -0.0003&   0.0000\\
        -1.0101  &  0.0051  &-0.0000 &  0.0000 & -0.0000\\
        0.0051   &-0.0000   &0.0000  &-0.0000  & 0.0000\\
        -0.0003  &  0.0000  &-0.0000 &  0.0000 & -0.0000\\
        0.0000   &-0.0000   &0.0000  &-0.0000  & 0.0000\\
    \end{matrix}
\right] \\ 
\left[
    \begin{matrix}
        0.0000  & 0.0000  &-0.0000  &  0.0003   &-0.0000\\
        0.0000  & 0.0000  &-0.0000  &  0.0057   &-0.0000\\
        -0.0000 & -0.0000 &  0.0057 &  -1.0112  &  0.0056\\
        0.0003  & 0.0057  &-1.0112  &179.9999   &-0.9999\\
        -0.0000 & -0.0000 &  0.0056 &  -0.9999  &  0.0056\\
    \end{matrix}
\right] \\ 
\left[
    \begin{matrix}
        0.0000  & 0.0076 & -0.0076  & -0.0000   & 0.0000\\
        0.0076  & 1.4977 & -1.4973  & -0.0084   & 0.0028\\
        -0.0076 & -1.4973&   1.4969 &   0.0084  & -0.0028\\
        -0.0000 & -0.0084&   0.0084 &   0.0000  & -0.0000\\
        0.0000  & 0.0028 & -0.0028  & -0.0000   & 0.0000\\
    \end{matrix}
\right] \\ 
\left[
    \begin{matrix}
    0.0000  &  0.0025 &  0.0025 &  0.0000  & -0.0000\\
    0.0025  &  0.4972 &  0.4973 &  0.0028  & -0.0028\\
    0.0025  &  0.4973 &  0.4975 &  0.0028  & -0.0028\\
    0.0000  &  0.0028 &  0.0028 &  0.0000  & -0.0000\\
   -0.0000  & -0.0028 & -0.0028 & -0.0000  &  0.0000\\
    \end{matrix}
\right] \\ 
\left[
    \begin{matrix}
    -0.0000& -0.0000& -0.0000 &  -0.0000 &  -0.0000\\
   -0.0000 &-0.0000 &-0.0000  & -0.0000  & -0.0000\\
   -0.0000 &-0.0000 &-0.0000  & -0.0000  & -0.0000\\
   -0.0000 &-0.0000 &-0.0000  & -0.0000  & -0.0000\\
   -0.0000 &-0.0000 &-0.0000  & -0.0000  & -0.0036\\
    \end{matrix}
\right] \\ 
\end{aligned}
$

(4) 低秩逼近用以下代码计算
```matlab
A1 = r1mats{1};
norm1 = norm(A-A1);
A2 = r1mats{1} + r1mats{2};
norm2 = norm(A-A2);
A3 = r1mats{1} + r1mats{2} + r1mats{3};
norm3 = norm(A-A3);
```

$
\begin{aligned}
\b{A}_1 = \left[
    \begin{matrix}
        199.9999 &  -1.0101 &  0.0051&  -0.0003&   0.0000\\
        -1.0101  &  0.0051  &-0.0000 &  0.0000 & -0.0000\\
        0.0051   &-0.0000   &0.0000  &-0.0000  & 0.0000\\
        -0.0003  &  0.0000  &-0.0000 &  0.0000 & -0.0000\\
        0.0000   &-0.0000   &0.0000  &-0.0000  & 0.0000\\
    \end{matrix}
\right],  \|\b{A}-\b{A}_1\| = 180.0112\\ 
\b{A}_2 = \left[
    \begin{matrix}
    199.9999 &  -1.0101&    0.0051&    0.0000&  -0.0000\\
   -1.0101   & 0.0051  & -0.0001  &  0.0057  &-0.0000\\
    0.0051   &-0.0001  &  0.0057  & -1.0112  & 0.0056\\
    0.0000   & 0.0057  & -1.0112  &179.9999  &-0.9999\\
   -0.0000   &-0.0000  &  0.0056  & -0.9999  & 0.0056\\
    \end{matrix}
\right], \|\b{A}-\b{A}_2\| = 2.9946\\ 
\b{A}_3 = \left[
    \begin{matrix}
    200.0000&  -1.0025 &  -0.0025&   -0.0000&   0.0000\\
   -1.0025  & 1.5028   &-1.4973  & -0.0028  & 0.0028\\
   -0.0025  &-1.4973   & 1.5025  & -1.0028  & 0.0028\\
   -0.0000  &-0.0028   &-1.0028  &180.0000  &-1.0000\\
    0.0000  & 0.0028   & 0.0028  & -1.0000  & 0.0056\\
    \end{matrix}
\right], \|\b{A}-\b{A}_3\| = 0.9947
\end{aligned}
$